0000000000000000000000000000000000000000000000000000000000000000000001
0000000000000000000000000000000000000000000000000000000000000000000010
0000000000000000000000000000000000000000000000000000000000000000000110
0000000000000000000000000000000000000000000000000000000000000000100000
0000000000000000000000000000000000000000000000000000000000000010000000
0000000000000000000000000000000000000000000000000000000000000010000100
0000000000000000000000000000000000000000000000000000000000000010001000
0000000000000000000000000000000000000000000000000000000000000010100000
0000000000000000000000000000000000000000000000000000000000001000000000
0000000000000000000000000000000000000000000000000000000001000010000000
0000000000000000000000000000000000000000000000000000000010000000000000
0000000000000000000000000000000000000000000000000000000010000100000000
0000000000000000000000000000000000000000000000000000000100000000000001
0000000000000000000000000000000000000000000000000000001000000000000001
0000000000000000000000000000000000000000000000000000010000000000000000
0000000000000000000000000000000000000000000000000100000000000000000001
0000000000000000000000000000000000000000000000001000001000000000000001
0000000000000000000000000000000000000000000000010000000001000010000000
0000000000000000000000000000000000000000000001000000000001000010000000
0000000000000000000000000000000000000000001000000000000000000000000000
0000000000000000000000000000000000000000100000000000000000000000000000
0000000000000000000000000000000000000001000000000000000000000000000000
0000000000000000000000000000000000000010000000000000000000000000000001
0000000000000000000000000000000000000010000000001000000000000000000001
0000000000000000000000000000000000000100000000000000000000000000000001
0000000000000000000000000000000000010000000000000000000010000100000000
0000000000000000000000000000000000010000000000000000100010000100000000
0000000000000000000000000000000000100000000000000000000001000010000000
0000000000000000000000000000000000100000000000010000000001000010000000
0000000000000000000000000000000000100000000001000000000001000010000000
0000000000000000000000000000000010000000000000000000000000000000000001
0000000000000000000000000000000010000000000000000000000000000010000000
0000000000000000000000000000000010000000000000000000000001000010000000
0000000000000000000000000000000010000000000000000000000010000000000000
0000000000000000000000000000000010000000000000000000001000000000000001
0000000000000000000000000000000010000000000000000000010000000000000000
0000000000000000000000000000000010000000000000010000000000000010000000
0000000000000000000000000000000010000000001000000000000000000000000000
0000000000000000000000000000000010100000000000000000000001000010000000
0000000000000000000000000000000100000000000000000000000000000010010000
0000000000000000000000000000000100010000000000000000000010010000000000
0000000000000000000000000000001000000000000000000000000001000010000000
0000000000000000000000000000001000100000000000000000000001000010000000
0000000000000000000000000000010000000000000000000000000010000000000000
0000000000000000000000000000010000000000000000010001000000000010010000
0000000000000000000000000000010000010000000000000010000010000000000000
0000000000000000000000000000010000010000000000100010000010000000000000
0000000000000000000000000000010000110000000000000010000010000000000000
0000000000000000000000000000010000110000000000100010000010000000000000
0000000000000000000000000000011000000000000000000000000000000010010000
0000000000000000000000000000100000000000000000000000000000000000000000
0000000000000000000000000000100000000000000000000000000000000100000000
0000000000000000000000000000100000000000000000000000100000000000000000
0000000000000000000000000000100000000000000100000000000000000000000000
0000000000000000000000000000100000001000000000000000100000000000000000
0000000000000000000000000000100001000000000000000000000000000000000000
0000000000000000000000000000100100000000000000000000000000000100000000
0000000000000000000000000000100100000000000000000000100000000000000000
0000000000000000000000000000100100000000000000000000100000010000000000
0000000000000000000000000000100100000000000000000001000000000000000000
0000000000000000000000000000100100000000000100000000000000000000000000
0000000000000000000000000000100100001000000000000000100000000000000000
0000000000000000000000000000100100100000000100000000000000000000000000
0000000000000000000000000000110000000000000000010000000000000000000000
0000000000000000000000000000110000000000000000010000000000000100000000
0000000000000000000000000000110000000000000000010000100000000000000000
0000000000000000000000000000110000000000000001000000000000000100000000
0000000000000000000000000000110000000000000001000000100000000000000000
0000000000000000000000000000110000000000000100000000000000000000000000
0000000000000000000000000000110000000000000100010000000000000000000000
0000000000000000000000000000110000000000000101000000000000000000000000
0000000000000000000000000000110000000000000110000000000000000000000000
0000000000000000000000000000110000000100000001000000100000000000000000
0000000000000000000000000000110000001000000001000000100000000000000000
0000000000000000000000000000110000100000000101000000000000000000000000
0000000000000000000000000000111000000000000000000000000000000000000000
0000000000000000000000000000111000000000000000000000000000000100000000
0000000000000000000000000000111000000000000000000000100000000000000000
0000000000000000000000000000111000000000000100000000000000000000000000
0000000000000000000000000001100000000000000000000000000000000000000000
0000000000000000000000000001100100000000000000000000000000000000000000
0000000000000000000000000001110000000000000000010000000000000000000000
0000000000000000000000000001110000000000000001000000000000000000000000
0000000000000000000000000001110000100000000000010000000000000000000000
0000000000000000000000000001110000100000000001000000000000000000000000
0000000000000000000000000001111000000000000000000000000000000000000000
0000000000000000000000000001111000100000000000000000000000000000000000
0000000000000000000000000010000100000000000000010000000000000010000000
0000000000000000000000000010100000000000000000000000000000000000000000
0000000000000000000000000010110000000000000100000000000000000000000000
0000000000000000000000000100000000000000000000000000000000000010000000
0000000000000000000000000100000000000000000000000000000000000010001000
0000000000000000000000000100000000000000000000010000000000000010000000
0000000000000000000000000100000000000000000000010000000000000010001000
0000000000000000000000000100000000000000000001000000000000000010000000
0000000000000000000000000100000000000000000001000000000000000010001000
0000000000000000000000000100000000000000000001000000000000000010010000
0000000000000000000000000100000000100000000000000000000000000010000000
0000000000000000000000000100000000100000000000000000000000000010001000
0000000000000000000000000100000000100000000000010000000000000010000000
0000000000000000000000000100000010000000000000000000000000000010000000
0000000000000000000000000100000010000000000001000000000000000010000000
0000000000000000000000000100000010100000000000000000000000000010000000
0000000000000000000000000100000100000000000000000000000000000010000000
0000000000000000000000000100000100000000000000000000000000000010010000
0000000000000000000000000100000100000000000000010000000000000010010000
0000000000000000000000000100000100000000000001000000000000000010010000
0000000000000000000000000100000100100000000000010000000000000010010000
0000000000000000000000000100000100100000000001000000000000000010010000
0000000000000000000000000100001000000000000000000000000000000010000000
0000000000000000000000000100001000000000000000000000000000000010001000
0000000000000000000000000100001000100000000000000000000000000010001000
0000000000000000000000000100001100000000000000000000000000000010010000
0000000000000000000000000100001100100000000000000000000000000010010000
0000000000000000000000000100010000000000000000010000000000000010000000
0000000000000000000000000100010000000000000000010000000000000010010000
0000000000000000000000000100010000000000000001000000000000000010010000
0000000000000000000000000100010000100000000000010000000000000010010000
0000000000000000000000000100010000100000000001000000000000000010010000
0000000000000000000000000100011000000000000000000000000000000010010000
0000000000000000000000000100011000100000000000000000000000000010010000
0000000000000000000000000110000100000000000000000000000000000010000000
0000000000000000000000000110000100000000000000010000000000000010000000
0000000000000000000000000110000100000000000001000000000000000010000000
0000000000000000000000000110000100100000000000010000000000000010000000
0000000000000000000000000110000100100000000001000000000000000010000000
0000000000000000000000000110001100000000000000000000000000000010000000
0000000000000000000000000110001100100000000000000000000000000010000000
0000000000000000000000000110010000000000000000010000000000000010000000
0000000000000000000000000110010000000000000001000000000000000010000000
0000000000000000000000000110010000100000000000010000000000000010000000
0000000000000000000000000110010000100000000001000000000000000010000000
0000000000000000000000000110010010000000000001000000000000000010010000
0000000000000000000000000110010110000000000000010000000000000010010000
0000000000000000000000000110010110000000000001000000000000000010010000
0000000000000000000000000110011000000000000000000000000000000010000000
0000000000000000000000000110011000100000000000000000000000000010000000
0000000000000000000000001000000000000000000000000000000010100000000000
0000000000000000000000010000000000000000000000000000000000000000000000
0000000000000000000000010000000000000000000000000000000000000000000100
0000000000000000000000010000000000000000000001000000000001000000000000
0000000000000000000000010000000001000000000000000000000000000000000000
0000000000000000000000010000000010000000000000000000000000000000000000
0000000000000000000000010010000000000000000000000000000000000000000000
0000000000000000000000100000000000000000000000000000000000000000000000
0000000000000000000000100000000000000000000000000000000000000000000100
0000000000000000000000100000000000000000000000000000000000000001000000
0000000000000000000000100000000000000000000000000000000000000001010000
0000000000000000000000100000000000000000010000000000000000000000000000
0000000000000000000000100000000000100000010000000000000000000000000000
0000000000000000000000100000000010000000000000000000000000000000000000
0000000000000000000000100000000010000000000000000001000000000000000000
0000000000000000000000100000000100000000000000000000000000000000000000
0000000000000000000000100000000100000000000000000001000000000000000000
0000000000000000000000100000000100000000000000000100000000000000000000
0000000000000000000000100000000100100000000000000001000000000000000000
0000000000000000000000100000010000000000000000000001000000000000010000
0000000000000000000000100000010000000000000000010000000000000000010000
0000000000000000000000100000010000000000000000010001000000000000010000
0000000000000000000000100000010000000000000001000001000000000000010000
0000000000000000000000100000010000000000000010000000000000000000010000
0000000000000000000000100000010000000000000010000001000000000000010000
0000000000000000000000100000010000100000000000010001000000000000010000
0000000000000000000000100000010000100000000010000001000000000000010000
0000000000000000000000100000011000000000000000000001000000000000010000
0000000000000000000000100010000000000000000000000000000000000001000000
0000000000000000000000100010010000000000000000000001000000000000000000
0000000000000000000000100010010000000000000001000001000000000000000000
0000000000000000000000100010010000100000000000000001000000000000000000
0000000000000000000001000000000000000000000000000000000000000000000000
0000000000000000000010000000000000000000000000000000000000000000000000
0000000000000000000100000000000000000000000000000000000100000000000001
0000000000000000000100000000000000000000000000000000001000000000000001
0000000000000000000100000000000000000000000000000100000000000000000001
0000000000000000000100000000000000000010000000000000000000000000000001
0000000000000000001000000000000000000000000000000000000000000000000000
0000000000000000010000000000000000000000000000000000000000000000000000
0000000000000000100000000000100000000000000000000000000000000000000000
0000000000000000100000000000100000100000000000000000000000000000000000
0000000000000001000000000000000000000000000000000000000000000000000000
0000000000000010000000000000000000000000000000000000000000000000000001
0000000000000010000000100000000000000000000000000000000000000000000000
0000000000000100000000000000000000000000000000000000000000000000000001
0000000000000100000000000000010000000000000000010000000000000000010001
0000000000000100000000000000010000000000000010000000000000000000010001
0000000000000100000000100000000100000000000000000000000000000000000000
0000000000000100000000100000000100000000000010000000000000000000010000
0000000000000100000000100000010000000000000000010000000000000000010000
0000000000000100000000100000010000000000000000010001000000000000010000
0000000000000100000000100000010000000000000001000000000000000000010000
0000000000000100000000100000010000000000000010000000000000000000000000
0000000000000100000000100000010000000000000010000000000000000000010000
0000000000000100000000100000010000000000000010000001000000000000010000
0000000000000100000000100000010000000000000010000100000000000000010000
0000000000000100000000100000011000000000000000000000000000000000010000
0000000000000100000000100010000000000000000000000000000000000000000000
0000000000000100000000100010010000000000000000000000000000000000000000
0000000000000100000000100010010000100000000000000000000000000000000000
0000000000001000000000000000000000000000000000000000000000000000000000
0000000000010000000000000000000000000000000000000000000000000000000000
0000000000100000000000100000000100000000000000000000000000000000000000
0000000000100000000000100000000100000000000000000001000000000000000000
0000000000100000000000100000010000000000000000010001000000000000010000
0000000000100000000000100000010000000000000010000001000000000000010000
0000000000100000000000100010010000000000000000000001000000000000000000
0000000001000000000000000000000000000000000000000000000000000000000000
0000000010000000000000000000000000000000000000000000000000000000000000
0000000100000000000000000000000000000000000000000000000000000000000000
0000001000000000000000000000000000000000000000000000000000000010000000
0000010000000000000000000000000000000000000000000000000000000000000000
0000100000000000000000000000000000000000001000000000000000000000000000
0000100000000000000000000000100001000000000000000000000000000000000000
0000100000000000000000100000000000000000000000000000000000000001000000
0000100000000000000000100000000000000000000000000001000000000000000000
0000100000000000000000100000000000000000010000000000000000000000000000
0001000000000000000000000000100001000000000000000000000000000000000000
0001000000000000000000000000100101000000000000000000000000000000000000
0001000000000000000000000000110001000000000000010000000000000000010000
0001000000000000000000000000110001000000000001000000000000000000010000
0001000000000000000000000000111001000000000000000000000000000000010000
0001000000000000000000000001100100000000000000000000000000000000000000
0001000000000000000000000001100100100000000000000000000000000000000000
0001000000000000000000000001110000000000000000010000000000000000010000
0001000000000000000000000001110000000000000001000000000000000000010000
0001000000000000000000000001110000100000000001000000000000000000010000
0001000000000000000000000001111000000000000000000000000000000000010000
0001000000000000000000000010100000000000000100000000000000000000000000
0001000000000000000000000011100000000000000000000000000000000000000000
0001000000000000000000000011110000000000000000000000000000000000000000
0001000000000000000000010000000001000000000000000000000000000000000000
0010000000000000000000000000000100000000000000000010000010000000000000
0010000000000000000000000000000100000000000000100010000010000000000000
0010000000000000000000000000000100010000000000100010000010000000000000
0010000000000000000000000000000100100000000000000010000010000000000000
0010000000000000000000000000010000000000000000010010000010000000000000
0010000000000000000000000000010000000000000001000010000010000000000000
0010000000000000000000000000010000000000000001100010000010000000000000
0010000000000000000000000000010000010000000001100010000010000000000000
0010000000000000000000000000011000000000000000000010000010000000000000
0010000000000000000000000000011000000000000000100010000010000000000000
0010000000000000000000000000011000000000000001000010000010000000000000
0010000000000000000000000000011000010000000000100010000010000000000000
0010000000000000000000001000000100000000000000000010000010000000000000
0010000000000000000000001000000100010000000000000010000010000000000000
0010000000000000000000001000010000000000000001000010000010000000000000
0010000000000000000000001000010000010000000001000010000010000000000000
0010000000000000000000001000011000000000000000000010000010000000000000
0010000000000000000000001000011000010000000000000010000010000000000000
0100000000000000000000000000000100010000000000100010000010000000000000
0100000000000000000000000000010000010000000000100010000010000000000000
0100000000000000000000000000010000011000000000100010000010000000000000
0100000000000000000000001000000100001000000000000010000010000000000000
0100000000000000000000001000000100010000000000000010000010000000000000
0100000000000000000000001000000100011000000000000010000010000000000000
0100000000000000000000001000010000010000000000000010000010000000000000
0100000000000000000000001000010000011000000000000010000010000000000000
1000000000000000000000000000000100010000000000100010000010000000000000
1000000000000000000000000000010000010000000000100010000010000000000000
1000000000000000000000001000000100010000000000000010000010000000000000
1000000000000000000000001000010000010000000000000010000010000000000000
